group	state_from	state_to	all	target	target_combinat	has_target_high_combinat_prob_site	site_tsi	site_rank1	site_rank2	site_rank3	site_rank4	site_rank5	max_dist_bl
A	GCA	GCC	1.0000	0.0000	0.0000	False	1.0000	1.0000	0.0000	0.0000	0.0000	0.0000	
A	GCA	GCG	0.0000	0.0000	0.0000	False	0.5000	0.0000	0.0000	0.0000	0.0000	0.0000	
A	GCA	GCT	2.0002	0.0000	0.0000	False	1.0000	2.0001	0.0001	0.0000	0.0000	0.0000	0.0141793482
A	GCC	GCA	2.0000	1.0000	0.0000	False	0.5000	1.0000	1.0000	0.0000	0.0000	0.0000	0.0216464271
A	GCC	GCG	0.0000	0.0000	0.0000	False	1.0000	0.0000	0.0000	0.0000	0.0000	0.0000	
A	GCC	GCT	2.0000	0.0000	0.0000	False	0.5000	1.0000	1.0000	0.0000	0.0000	0.0000	0.081271265
A	GCG	GCA	3.0000	0.0000	0.0000	False	0.6667	2.0000	1.0000	0.0000	0.0000	0.0000	0.014932052600000002
A	GCG	GCC	0.0000	0.0000	0.0000	False	1.0000	0.0000	0.0000	0.0000	0.0000	0.0000	
A	GCG	GCT	0.0000	0.0000	0.0000	False	1.0000	0.0000	0.0000	0.0000	0.0000	0.0000	
A	GCT	GCA	2.0001	0.0000	0.0000	False	1.0000	2.0000	0.0000	0.0000	0.0000	0.0000	0.0705211284
A	GCT	GCC	2.0000	0.0000	0.0000	False	0.5000	1.0000	1.0000	0.0000	0.0000	0.0000	0.06322683879999999
A	GCT	GCG	0.0000	0.0000	0.0000	False	1.0000	0.0000	0.0000	0.0000	0.0000	0.0000	
C	TGC	TGT	0.0000	0.0000	0.0000	False							
C	TGT	TGC	0.0000	0.0000	0.0000	False							
D	GAC	GAT	4.8660	0.0000	0.0000	False	0.4111	2.0002	1.6735	1.0001	0.1922	0.0000	0.0729413847
D	GAT	GAC	6.4536	0.0000	0.0000	False	0.3166	2.0433	1.0000	1.0000	1.0000	0.9999	0.10550880310000002
E	GAA	GAG	2.5417	0.2827	0.0000	False	0.9993	2.5398	0.0018	0.0000	0.0000	0.0000	0.007796684100000001
E	GAG	GAA	12.6851	0.0000	0.0000	False	0.7636	9.6857	1.0000	1.0000	0.9994	0.0000	0.16338608040000002
F	TTC	TTT	0.0000	0.0000	0.0000	False							
F	TTT	TTC	0.0000	0.0000	0.0000	False							
G	GGA	GGC	1.0000	0.0000	0.0000	False	1.0000	1.0000	0.0000	0.0000	0.0000	0.0000	
G	GGA	GGG	5.0000	0.0000	0.0000	False	0.4000	2.0000	1.0000	1.0000	1.0000	0.0000	0.06958886389999999
G	GGA	GGT	0.0000	0.0000	0.0000	False							
G	GGC	GGA	0.0000	0.0000	0.0000	False							
G	GGC	GGG	0.0000	0.0000	0.0000	False							
G	GGC	GGT	0.0000	0.0000	0.0000	False	1.0000	0.0000	0.0000	0.0000	0.0000	0.0000	
G	GGG	GGA	0.0021	0.0000	0.0000	False	0.9952	0.0021	0.0000	0.0000	0.0000	0.0000	
G	GGG	GGC	0.0000	0.0000	0.0000	False							
G	GGG	GGT	4.0000	0.0000	0.0000	False	0.7500	3.0000	1.0000	0.0000	0.0000	0.0000	0.06432455440000001
G	GGT	GGA	0.0000	0.0000	0.0000	False							
G	GGT	GGC	1.0000	0.0000	0.0000	False	1.0000	1.0000	0.0000	0.0000	0.0000	0.0000	
G	GGT	GGG	1.0000	1.0000	0.0000	False	1.0000	1.0000	0.0000	0.0000	0.0000	0.0000	
H	CAC	CAT	0.0000	0.0000	0.0000	False							
H	CAT	CAC	0.0000	0.0000	0.0000	False							
I	ATA	ATC	0.0000	0.0000	0.0000	False	1.0000	0.0000	0.0000	0.0000	0.0000	0.0000	
I	ATA	ATT	0.0000	0.0000	0.0000	False	1.0000	0.0000	0.0000	0.0000	0.0000	0.0000	
I	ATC	ATA	0.0000	0.0000	0.0000	False							
I	ATC	ATT	2.0000	0.0000	0.0000	False	0.5000	1.0000	1.0000	0.0000	0.0000	0.0000	3.021819999999946e-05
I	ATT	ATA	0.0000	0.0000	0.0000	False							
I	ATT	ATC	0.0000	0.0000	0.0000	False	1.0000	0.0000	0.0000	0.0000	0.0000	0.0000	
K	AAA	AAG	3.0065	0.0000	0.0000	False	0.6652	2.0000	1.0000	0.0065	0.0000	0.0000	0.06887825369999999
K	AAG	AAA	3.0015	0.0000	0.0000	False	0.6668	2.0015	1.0000	0.0000	0.0000	0.0000	0.10550880310000002
L	CTA	CTC	0.0000	0.0000	0.0000	False							
L	CTA	CTG	0.0000	0.0000	0.0000	False							
L	CTA	CTT	0.0000	0.0000	0.0000	False							
L	CTA	TTA	1.0000	0.0000	0.0000	False	1.0000	1.0000	0.0000	0.0000	0.0000	0.0000	
L	CTA	TTG	0.0000	0.0000	0.0000	False							
L	CTC	CTA	0.0000	0.0000	0.0000	False							
L	CTC	CTG	0.0000	0.0000	0.0000	False							
L	CTC	CTT	1.0000	0.0000	0.0000	False	1.0000	1.0000	0.0000	0.0000	0.0000	0.0000	
L	CTC	TTA	0.0000	0.0000	0.0000	False							
L	CTC	TTG	0.0000	0.0000	0.0000	False							
L	CTG	CTA	0.0000	0.0000	0.0000	False							
L	CTG	CTC	0.0000	0.0000	0.0000	False							
L	CTG	CTT	0.0000	0.0000	0.0000	False							
L	CTG	TTA	0.0000	0.0000	0.0000	False							
L	CTG	TTG	0.0000	0.0000	0.0000	False	1.0000	0.0000	0.0000	0.0000	0.0000	0.0000	
L	CTT	CTA	0.0000	0.0000	0.0000	False							
L	CTT	CTC	0.0000	0.0000	0.0000	False							
L	CTT	CTG	1.0000	0.0000	0.0000	False	1.0000	1.0000	0.0000	0.0000	0.0000	0.0000	
L	CTT	TTA	0.0000	0.0000	0.0000	False							
L	CTT	TTG	0.0000	0.0000	0.0000	False							
L	TTA	CTA	1.0000	1.0000	0.0000	False	1.0000	1.0000	0.0000	0.0000	0.0000	0.0000	
L	TTA	CTC	0.0000	0.0000	0.0000	False							
L	TTA	CTG	0.0000	0.0000	0.0000	False							
L	TTA	CTT	0.0000	0.0000	0.0000	False							
L	TTA	TTG	0.0129	0.0000	0.0000	False	1.0000	0.0129	0.0000	0.0000	0.0000	0.0000	
L	TTG	CTA	0.0000	0.0000	0.0000	False							
L	TTG	CTC	0.0000	0.0000	0.0000	False							
L	TTG	CTG	1.0000	0.0000	0.0000	False	1.0000	1.0000	0.0000	0.0000	0.0000	0.0000	
L	TTG	CTT	0.0000	0.0000	0.0000	False							
L	TTG	TTA	2.0000	0.0000	0.0000	False	1.0000	2.0000	0.0000	0.0000	0.0000	0.0000	0.015268606500000004
N	AAC	AAT	0.0000	0.0000	0.0000	False							
N	AAT	AAC	0.0000	0.0000	0.0000	False							
P	CCA	CCC	0.0000	0.0000	0.0000	False							
P	CCA	CCG	0.0000	0.0000	0.0000	False							
P	CCA	CCT	1.0000	0.0000	0.0000	False	1.0000	1.0000	0.0000	0.0000	0.0000	0.0000	
P	CCC	CCA	0.0000	0.0000	0.0000	False							
P	CCC	CCG	0.0000	0.0000	0.0000	False							
P	CCC	CCT	0.0000	0.0000	0.0000	False							
P	CCG	CCA	0.0000	0.0000	0.0000	False							
P	CCG	CCC	0.0000	0.0000	0.0000	False							
P	CCG	CCT	0.0000	0.0000	0.0000	False							
P	CCT	CCA	1.0000	0.0000	0.0000	False	1.0000	1.0000	0.0000	0.0000	0.0000	0.0000	
P	CCT	CCC	1.0000	0.0000	0.0000	False	1.0000	1.0000	0.0000	0.0000	0.0000	0.0000	
P	CCT	CCG	0.0000	0.0000	0.0000	False	1.0000	0.0000	0.0000	0.0000	0.0000	0.0000	
Q	CAA	CAG	2.0000	0.0000	0.0000	False	0.5000	1.0000	1.0000	0.0000	0.0000	0.0000	0.0631389517
Q	CAG	CAA	2.0000	0.0000	0.0000	False	0.5000	1.0000	1.0000	0.0000	0.0000	0.0000	0.04013706370000002
R	AGA	AGG	0.0000	0.0000	0.0000	False							
R	AGA	CGA	0.0000	0.0000	0.0000	False							
R	AGA	CGC	0.0000	0.0000	0.0000	False							
R	AGA	CGG	0.0000	0.0000	0.0000	False							
R	AGA	CGT	0.0000	0.0000	0.0000	False							
R	AGG	AGA	0.0000	0.0000	0.0000	False	1.0000	0.0000	0.0000	0.0000	0.0000	0.0000	
R	AGG	CGA	0.0000	0.0000	0.0000	False							
R	AGG	CGC	0.0000	0.0000	0.0000	False	1.0000	0.0000	0.0000	0.0000	0.0000	0.0000	
R	AGG	CGG	1.0000	0.0000	0.0000	False	1.0000	1.0000	0.0000	0.0000	0.0000	0.0000	
R	AGG	CGT	2.0000	0.0000	0.0000	False	1.0000	2.0000	0.0000	0.0000	0.0000	0.0000	0.008788576400000001
R	CGA	AGA	0.0000	0.0000	0.0000	False							
R	CGA	AGG	0.0000	0.0000	0.0000	False	1.0000	0.0000	0.0000	0.0000	0.0000	0.0000	
R	CGA	CGC	0.0000	0.0000	0.0000	False							
R	CGA	CGG	0.0000	0.0000	0.0000	False							
R	CGA	CGT	0.0000	0.0000	0.0000	False	1.0000	0.0000	0.0000	0.0000	0.0000	0.0000	
R	CGC	AGA	0.0000	0.0000	0.0000	False							
R	CGC	AGG	0.0000	0.0000	0.0000	False							
R	CGC	CGA	0.0000	0.0000	0.0000	False							
R	CGC	CGG	0.0000	0.0000	0.0000	False							
R	CGC	CGT	1.0000	0.0000	0.0000	False	1.0000	1.0000	0.0000	0.0000	0.0000	0.0000	
R	CGG	AGA	0.0000	0.0000	0.0000	False							
R	CGG	AGG	0.0000	0.0000	0.0000	False							
R	CGG	CGA	0.0000	0.0000	0.0000	False							
R	CGG	CGC	0.0000	0.0000	0.0000	False							
R	CGG	CGT	0.0000	0.0000	0.0000	False							
R	CGT	AGA	0.0000	0.0000	0.0000	False							
R	CGT	AGG	1.0000	0.0000	0.0000	False	1.0000	1.0000	0.0000	0.0000	0.0000	0.0000	
R	CGT	CGA	0.0000	0.0000	0.0000	False							
R	CGT	CGC	1.0000	0.0000	0.0000	False	1.0000	1.0000	0.0000	0.0000	0.0000	0.0000	
R	CGT	CGG	0.0000	0.0000	0.0000	False							
S	AGC	AGT	0.0000	0.0000	0.0000	False							
S	AGC	TCA	0.0000	0.0000	0.0000	False							
S	AGC	TCC	0.0000	0.0000	0.0000	False							
S	AGC	TCG	0.0000	0.0000	0.0000	False							
S	AGC	TCT	0.0000	0.0000	0.0000	False							
S	AGT	AGC	0.0000	0.0000	0.0000	False							
S	AGT	TCA	0.0000	0.0000	0.0000	False							
S	AGT	TCC	0.0000	0.0000	0.0000	False							
S	AGT	TCG	0.0000	0.0000	0.0000	False							
S	AGT	TCT	0.0000	0.0000	0.0000	False							
S	TCA	AGC	0.0000	0.0000	0.0000	False							
S	TCA	AGT	0.0000	0.0000	0.0000	False							
S	TCA	TCC	0.0000	0.0000	0.0000	False							
S	TCA	TCG	2.0001	0.0000	0.0000	False	1.0000	2.0001	0.0000	0.0000	0.0000	0.0000	0.0075211047000000005
S	TCA	TCT	0.0000	0.0000	0.0000	False							
S	TCC	AGC	0.0000	0.0000	0.0000	False							
S	TCC	AGT	0.0000	0.0000	0.0000	False							
S	TCC	TCA	0.0000	0.0000	0.0000	False							
S	TCC	TCG	0.0000	0.0000	0.0000	False							
S	TCC	TCT	0.0000	0.0000	0.0000	False							
S	TCG	AGC	0.0000	0.0000	0.0000	False							
S	TCG	AGT	0.0000	0.0000	0.0000	False							
S	TCG	TCA	2.0000	0.0000	0.0000	False	1.0000	2.0000	0.0000	0.0000	0.0000	0.0000	2.7740499999999996e-05
S	TCG	TCC	0.0000	0.0000	0.0000	False							
S	TCG	TCT	0.0000	0.0000	0.0000	False							
S	TCT	AGC	0.0000	0.0000	0.0000	False							
S	TCT	AGT	0.0000	0.0000	0.0000	False							
S	TCT	TCA	0.0000	0.0000	0.0000	False							
S	TCT	TCC	0.0000	0.0000	0.0000	False							
S	TCT	TCG	0.0000	0.0000	0.0000	False							
T	ACA	ACC	0.0000	0.0000	0.0000	False							
T	ACA	ACG	0.0000	0.0000	0.0000	False							
T	ACA	ACT	0.0000	0.0000	0.0000	False	1.0000	0.0000	0.0000	0.0000	0.0000	0.0000	
T	ACC	ACA	0.0000	0.0000	0.0000	False							
T	ACC	ACG	0.0000	0.0000	0.0000	False							
T	ACC	ACT	0.0002	0.0001	0.0000	False	0.9375	0.0001	0.0000	0.0000	0.0000	0.0000	
T	ACG	ACA	1.0000	0.0000	0.0000	False	1.0000	1.0000	0.0000	0.0000	0.0000	0.0000	
T	ACG	ACC	0.0000	0.0000	0.0000	False							
T	ACG	ACT	0.0000	0.0000	0.0000	False							
T	ACT	ACA	2.0000	0.0000	0.0000	False	0.5000	1.0000	1.0000	0.0000	0.0000	0.0000	0.1787803192
T	ACT	ACC	3.0000	0.0000	0.0000	False	0.6667	2.0000	1.0000	0.0000	0.0000	0.0000	0.021808247700000002
T	ACT	ACG	0.0000	0.0000	0.0000	False							
V	GTA	GTC	0.0000	0.0000	0.0000	False							
V	GTA	GTG	0.0000	0.0000	0.0000	False							
V	GTA	GTT	0.0000	0.0000	0.0000	False							
V	GTC	GTA	0.0000	0.0000	0.0000	False							
V	GTC	GTG	0.0000	0.0000	0.0000	False	1.0000	0.0000	0.0000	0.0000	0.0000	0.0000	
V	GTC	GTT	0.0000	0.0000	0.0000	False	1.0000	0.0000	0.0000	0.0000	0.0000	0.0000	
V	GTG	GTA	1.0000	0.0000	0.0000	False	1.0000	1.0000	0.0000	0.0000	0.0000	0.0000	
V	GTG	GTC	0.0000	0.0000	0.0000	False	1.0000	0.0000	0.0000	0.0000	0.0000	0.0000	
V	GTG	GTT	1.0000	0.0000	0.0000	False	1.0000	1.0000	0.0000	0.0000	0.0000	0.0000	
V	GTT	GTA	0.0000	0.0000	0.0000	False							
V	GTT	GTC	5.0000	1.0000	0.0000	False	1.0000	5.0000	0.0000	0.0000	0.0000	0.0000	0.0868513073
V	GTT	GTG	0.0000	0.0000	0.0000	False							
Y	TAC	TAT	2.0000	0.0000	0.0000	False	0.5000	1.0000	1.0000	0.0000	0.0000	0.0000	0.057364425799999993
Y	TAT	TAC	5.0014	0.0000	0.0000	False	0.8001	4.0014	1.0000	0.0000	0.0000	0.0000	0.0166988901
